Parameter       HHb_mu  HHb_mu_star     HHb_sigma       HHb_mu_star_conf        CCO_mu  CCO_mu_star     CCO_sigma       CCO_mu_star_conf        HbO2_mu HbO2_mu_star    HbO2_sigma      HbO2_mu_star_conf
Vol_mit 		16.039697956    16.039697956    8.83605485886   3.6912613262    -3.29440339899  11.8822935605   12.4843181179   1.83663154798   -13.9361558255  13.9361558255   7.80817625818   3.22461303297
a_n     		0.0     0.0     0.0     0.0     0.264240507978  12.0666352266   12.791860262    1.32825020563   0.0     0.0     0.0     0.0
bred_n  		0.0     0.0     0.0     0.0     0.0     0.0     0.0     0.0     0.0     0.0     0.0     0.0
Dpsi_n  		0.0     0.0     0.0     0.0     0.0     0.0     0.0     0.0     0.0     0.0     0.0     0.0
O2_n    		0.0     0.0     0.0     0.0     0.0     0.0     0.0     0.0     0.0     0.0     0.0     0.0
O2c_n   		0.0     0.0     0.0     0.0     0.0     0.0     0.0     0.0     0.0     0.0     0.0     0.0
a_frac_n        0.0     0.0     0.0     0.0     0.0     0.0     0.0     0.0     0.0     0.0     0.0     0.0
blood_hb        79.785511549    79.785511549    23.6006757751   10.007006039    0.0     0.0     0.0     0.0     90.3836555527   90.3836555527   20.5674334505   8.66599686139
c3      		-5.9856770162   6.04963101261   11.1890458997   4.66056681402   0.0859894251927 1.96706181694   3.9273694937    1.43119895559   5.16176072843   5.21720187468   9.64110613059   4.11918819448
C_buffi 		1.21476139995e-05       1.23125429916e-05       1.30928621216e-05       5.62383349597e-06       -3.44045145748e-08      1.12111476615e-07       2.34287768e-07  8.9577437743e-08        -1.72188194391e-05    $
C_im    		0.000172597562573       0.00017964120753        0.000185473985428       7.82975773488e-05       -5.68522522684e-08      7.32935532353e-07       1.16153587704e-06       3.67154923525e-07       -0.00024436707$
ck1     		11.9923288939   12.5771212447   16.5039453285   7.00051710956   0.0813968076778 1.29512490556   1.65152877672   0.424086148016  -10.4708710553  10.9573800796   14.297648106    5.76243638285
ck2     		3.12634568524   3.28857455675   4.04172124121   1.68835696049   -0.433232485303 0.986929618734  1.21266706916   0.344123052279  -2.76432626234  2.90170723138   3.60951679698   1.49795950708
CMRO2_n 		0.0     0.0     0.0     0.0     0.0     0.0     0.0     0.0     0.0     0.0     0.0     0.0
CVinh   		46.2674913932   46.2674913932   20.0644933729   8.55528884939   0.354859520212  3.55022114097   4.88091747567   1.40808393655   -40.0240763223  40.0240763223   17.5414266767   7.38008240568
cytox_tot_tis   59.0726799391   59.0726799391   35.7472337484   15.5266430615   8.09313543251   18.4408329819   21.5902769931   5.75476091521   -51.0673352625  51.0673352625   31.1806818128   13.2301801046
D_NADH  		0.0728135245246 0.0728135245246 0.0413090619808 0.0176227296408 -0.00399716447711       0.00898139131811        0.0108437435375 0.00298693600149        -0.0761878350832        0.0761878350832 0.044484850341$
Dp_CV0  		-7.28190288908  7.79768613822   8.54016103452   3.49636293095   0.00791209434381        0.276617583533  0.425974681031  0.138547738327  6.29727987391   6.74973816694   7.5153413174    3.02997176273
dpH     		1.05895068714e-08       1.09157738848e-08       1.20760760558e-08       4.89177659861e-09       2.23872607952e-11       6.54770550279e-11       1.1654344745e-10        3.78942971629e-11       -1.53565288485$
E_a30   		0.0     0.0     0.0     0.0     0.0     0.0     0.0     0.0     0.0     0.0     0.0     0.0
E_c0    		2.01967558593   2.01967558593   5.56716836819   2.31728143426   -1.84811128937  1.84855851191   6.49360749467   2.7372800489    -1.62560316647  1.62560316647   4.45714952486   1.89788433226
H_n     		0.0     0.0     0.0     0.0     0.0     0.0     0.0     0.0     0.0     0.0     0.0     0.0
k30     		2.75893296046   2.75893296046   3.45854492494   1.48603482145   0.345381412047  1.05209707563   1.63334809503   0.534898929702  -2.38435895996  2.38435895996   3.02525829546   1.27660519629
k_aut   		1.89083700967   3.73346383267   3.89688125678   0.891540603313  -0.00252422667603       0.0429028746848 0.0714061465758 0.0246493553426 -2.68475585775  5.04783546731   5.26789783113   1.22540270534
k_unc   		8.85062075366   8.85062075366   9.30779402623   3.89273567904   -0.162480121062 1.21460444514   2.39093468786   0.873873734317  -7.57984302546  7.57984302546   7.9295045636    3.3919188254
kCV     		0.0     0.0     0.0     0.0     0.0     0.0     0.0     0.0     0.0     0.0     0.0     0.0
L_CV0   		-0.0118028474351        0.638196264097  1.03304194402   0.340641558961  -0.0010485724043        0.033715956989  0.0544233154455 0.0189375277088 0.0309053180829 0.555445575932  0.897283511514  0.29229382074
L_lkfrac        0.0     0.0     0.0     0.0     0.0     0.0     0.0     0.0     0.0     0.0     0.0     0.0
NADpool 		57.1564218207   57.1564218207   30.0000571149   12.4869795339   -5.51909376217  9.079642932     9.75444371467   2.71446392857   -49.5592182263  49.5592182263   25.9036769932   10.9630434729
p_C1    		0.0     0.0     0.0     0.0     0.0     0.0     0.0     0.0     0.0     0.0     0.0     0.0
p_C3    		0.0     0.0     0.0     0.0     0.0     0.0     0.0     0.0     0.0     0.0     0.0     0.0
p_tot   		-40.862325779   40.862325779    23.2279321445   10.0316657963   0.104367686256  3.33186015022   5.80389233344   1.91877883997   35.2219739606   35.2219739606   20.2955569979   8.58257781341
pH_mn   		0.0     0.0     0.0     0.0     0.0     0.0     0.0     0.0     0.0     0.0     0.0     0.0
r_CV    		-1.05489594937  1.24627048405   1.50568152997   0.558826674672  -0.00269589094491       0.132821034126  0.246217719044  0.0861895371491 0.893344947551  1.06418439793   1.29664479798   0.489223795623
Dp3_corr        9.93800511366   9.93800511366   10.921912604    4.84362411515   1.52988456038   4.64486633803   6.47243999449   2.03908724298   -8.52026528414  8.52026528414   9.37236099042   3.92210708137
E_N0    		-1.65333142068  1.65333142068   4.21954455896   1.77924553635   0.900958588086  0.938837774472  2.98060745606   1.33437057095   1.34888701122   1.34888701122   3.45112292134   1.50704350636
HHb     		0.0     0.0     0.0     0.0     0.0     0.0     0.0     0.0     0.0     0.0     0.0     0.0
HbO2    		0.0     0.0     0.0     0.0     0.0     0.0     0.0     0.0     0.0     0.0     0.0     0.0
CCO     		0.0     0.0     0.0     0.0     0.0     0.0     0.0     0.0     0.0     0.0     0.0     0.0


Sensitive parameters: Vol_mit, blood_hb, c3, C_buffi, C_im, ck1, ck2, CVinh, cytox_tot_tis, D_NADH, Dp_CV0, dpH, E_c0, k30, k_aut, L_CV0, NADpool, p_tot, r_CV, Dp3_corr, E_N0